2204 32 
2710 18 
2206 28 
2407 24 
2307 25 
2408 22 
2509 20 
2306 27 
2610 19 
2610 19 
2509 20 
2408 22 
2706 10 
2705 12 
2706 10 
2706 10 
2705 12 
2705 12 
2706 10 
2706 10 
2706 10 
2706 10 
2706 10 
2706 10 
3013 15 
2709 24 
2911 20 
2810 21 
2912 18 
3012 17 
2810 21 
2709 24 
3013 15 
2912 18 
3012 17 
3012 17 
4626 83 
4121 98 
4222 96 
4323 90 
4424 88 
4626 83 
4424 88 
4626 83 
4323 90 
4323 90 
4121 98 
4424 88 
4222 96 
4222 96 
4424 88 
4222 96 
4121 98 
4323 90 
4424 88 
4222 96 
4222 96 
4222 96 
4424 88 
4424 88 
4323 90 
4424 88 
4424 88 
4424 88 
4222 96 
4424 88 
4626 83 
4222 96 
4424 88 
4424 88 
4222 96 
4323 90 
4424 88 
4323 90 
4222 96 
4424 88 
4424 88 
4424 88 
4222 96 
4323 90 
4222 96 
4323 90 
4424 88 
4424 88 
4323 90 
4222 96 
4323 90 
4222 96 
4424 88 
4323 90 
4626 83 
4323 90 
4323 90 
4424 88 
4222 96 
4323 90 
4424 88 
4424 88 
4626 83 
4323 90 
4424 88 
4424 88 
4626 83 
4222 96 
4323 90 
4222 96 
4424 88 
4424 88 
4323 90 
4424 88 
4222 96 
4323 90 
4323 90 
4626 83 
4424 88 
4424 88 
4626 83 
4323 90 
4323 90 
4424 88 
4424 88 
4424 88 
4424 88 
4424 88 
4424 88 
4222 96 
4222 96 
4323 90 
4323 90 
4424 88 
4323 90 
4323 90 
4323 90 
4323 90 
4424 88 
4323 90 
4629 99 
4629 99 
4629 99 
4629 99 
4629 99 
4629 99 
4629 99 
4629 99 
4629 99 
4629 99 
4629 99 
4629 99 
4629 99 
4629 99 
4629 99 
4629 99 
4629 99 
4629 99 
4629 99 
4629 99 
4629 99 
4629 99 
4629 99 
4629 99 
4629 99 
4629 99 
4629 99 
4629 99 
4629 99 
4629 99 
4629 99 
4629 99 
4629 99 
4629 99 
4629 99 
4629 99 
4629 99 
4629 99 
4629 99 
4629 99 
4629 99 
4629 99 
4629 99 
4629 99 
4629 99 
4629 99 
4629 99 
4629 99 
4629 99 
4629 99 
4629 99 
4629 99 
4629 99 
4629 99 
4629 99 
4629 99 
4629 99 
4629 99 
4629 99 
4629 99 
4629 99 
4629 99 
4629 99 
4629 99 
4629 99 
4629 99 
4629 99 
4629 99 
4629 99 
4629 99 
4629 99 
4629 99 
4629 99 
4629 99 
4629 99 
4629 99 
4629 99 
4629 99 
4629 99 
4629 99 
4629 99 
4629 99 
4629 99 
4629 99 
4629 99 
4629 99 
4629 99 
4629 99 
4629 99 
4629 99 
4629 99 
4629 99 
4629 99 
4629 99 
4629 99 
4629 99 
4629 99 
4629 99 
4629 99 
4629 99 
2709 9 
2506 26 
2608 12 
2507 24 
2708 11 
2606 17 
2507 24 
2606 17 
2607 14 
2606 17 
2708 11 
2607 14 
2505 22 
2808 10 
2606 19 
2707 15 
2707 15 
2807 12 
2607 17 
2506 20 
2807 12 
2808 10 
2607 17 
2506 20 
2708 35 
3312 15 
3312 15 
3113 18 
2709 32 
3012 20 
2810 29 
2911 23 
2911 23 
2811 26 
3113 18 
3012 20 
