12771 203 
13982 193 
13478 195 
13277 198 
13982 193 
13173 200 
13680 194 
13478 195 
13072 201 
13680 194 
12872 202 
13072 201 
12872 202 
13176 199 
13176 199 
13680 194 
13277 198 
12872 202 
13176 199 
13277 198 
14674 188 
12859 213 
13061 209 
13466 197 
14271 189 
12961 211 
13161 204 
13969 191 
13766 196 
14271 189 
13866 194 
13968 193 
13363 200 
13161 204 
13263 202 
12859 213 
13768 195 
13263 202 
13969 191 
13364 199 
12866 255 
14581 235 
13071 248 
14380 236 
12969 252 
14078 238 
13572 242 
14078 238 
12866 255 
13071 248 
12969 252 
13270 245 
13774 240 
13572 242 
13371 243 
13877 239 
14380 236 
13774 240 
13371 243 
13270 245 
12871 252 
14081 215 
13071 233 
13274 225 
13981 216 
13376 223 
13778 218 
13073 226 
13577 222 
13073 226 
13071 233 
12871 252 
13678 219 
13778 218 
13678 219 
13376 223 
13577 222 
13981 216 
13577 222 
13981 216 
13064 229 
13267 226 
13267 226 
13874 220 
13267 226 
13064 229 
13266 227 
13267 226 
13267 226 
13266 227 
13772 224 
13773 223 
13267 226 
13874 220 
13266 227 
13773 223 
13267 226 
13772 224 
13874 220 
13267 226 
12058 246 
12862 228 
12458 231 
12058 246 
12862 228 
12058 246 
13267 226 
12359 236 
12158 244 
12159 240 
12259 238 
12159 240 
12158 244 
12359 236 
12259 238 
12862 228 
12458 231 
12259 238 
12862 228 
12862 228 
14983 224 
12863 263 
13570 237 
13468 246 
13065 256 
13268 247 
13267 253 
14578 227 
14075 233 
14881 225 
14680 226 
13167 254 
13973 234 
14378 229 
13773 236 
14175 230 
14378 229 
13773 236 
14175 230 
13973 234 
12160 221 
12865 213 
12059 225 
12160 221 
11856 231 
12361 216 
12763 214 
12161 220 
12160 221 
12360 217 
12360 217 
12161 220 
12059 225 
11958 229 
11959 228 
12060 224 
12361 216 
12763 214 
12865 213 
11856 231 
13671 211 
12463 227 
12664 223 
12867 219 
12867 219 
13068 217 
13168 215 
13369 213 
12563 225 
12664 223 
13068 217 
13168 215 
13369 213 
13671 211 
13369 213 
12563 225 
13369 213 
12563 225 
13671 211 
12563 225 
12866 221 
14079 191 
13171 209 
13271 205 
12967 215 
13978 192 
13777 195 
13573 202 
13069 211 
13576 199 
12967 215 
13473 204 
13776 197 
13069 211 
13473 204 
13978 192 
13271 205 
13675 198 
13675 198 
13777 195 
