10379 170 
10379 170 
10176 181 
10178 179 
10480 168 
10176 181 
9975 182 
10682 166 
9975 182 
10480 168 
9773 184 
10379 170 
10278 174 
10278 174 
10178 179 
9571 190 
9773 184 
10682 166 
11187 165 
9571 190 
12602 135 
9775 171 
10987 144 
11290 141 
11593 140 
9977 165 
10280 158 
12299 137 
9977 165 
11896 138 
10785 148 
10179 160 
12400 136 
10381 154 
11896 138 
10179 160 
10583 150 
10785 148 
10381 154 
10583 150 
9266 189 
10982 166 
10477 170 
10982 166 
10679 168 
10174 173 
9366 186 
9569 183 
10174 173 
9972 175 
9872 178 
10477 170 
9669 180 
9569 183 
9669 180 
9871 179 
9972 175 
9366 186 
10679 168 
10679 168 
11792 174 
9471 205 
10179 187 
9572 203 
9774 201 
10583 184 
11087 180 
10684 182 
11489 175 
10078 191 
11188 178 
9775 198 
9875 194 
11489 175 
9876 193 
10077 192 
10381 185 
11188 178 
10381 185 
10885 181 
11795 151 
9269 176 
10482 153 
9471 168 
11189 152 
9674 166 
11189 152 
10380 156 
9370 173 
9774 162 
9876 158 
10381 154 
9572 167 
9370 173 
9875 160 
9774 162 
9875 160 
10380 156 
9876 158 
9876 158 
11993 151 
9670 190 
10074 174 
11488 156 
9872 179 
9771 187 
11185 158 
10276 171 
10983 161 
10882 162 
11286 157 
11690 154 
10478 169 
10579 167 
11690 154 
10377 170 
9973 176 
9872 179 
10781 165 
9771 187 
9673 172 
11693 148 
9874 163 
9774 169 
10986 153 
11491 149 
9975 162 
10884 154 
10077 160 
10480 157 
11188 151 
10279 159 
9774 169 
11390 150 
11188 151 
10682 156 
10279 159 
10480 157 
10682 156 
10784 155 
8963 177 
9872 157 
9670 159 
9064 171 
9368 165 
9367 166 
9669 161 
9266 168 
9165 169 
9469 163 
8964 175 
9165 169 
9469 163 
9266 168 
9569 162 
9569 162 
9063 173 
8964 175 
9670 159 
9063 173 
9974 159 
10277 156 
10882 152 
11084 151 
10882 152 
11084 151 
10882 152 
9165 189 
9367 173 
10478 154 
10175 157 
10580 153 
9569 170 
9973 163 
9570 167 
9367 173 
9266 188 
11185 149 
9064 191 
10175 164 
11792 144 
11590 146 
10680 153 
11185 149 
10984 151 
10377 158 
10276 161 
10276 161 
10883 152 
11387 147 
10680 153 
10478 155 
10478 155 
10377 158 
11387 147 
10478 155 
11185 149 
10984 151 
11185 149 
