2806 109 
3209 100 
2705 112 
3006 105 
3209 100 
3006 105 
2806 109 
3108 101 
3007 102 
2907 108 
3411 99 
2705 112 
4216 79 
3410 90 
3611 85 
4014 81 
4016 80 
3814 82 
3712 84 
3713 83 
3510 87 
3510 87 
3814 82 
3510 87 
10767 264 
11070 253 
10868 255 
11070 253 
10867 257 
10768 262 
10867 257 
10768 262 
10868 255 
10768 262 
10867 257 
11070 253 
10767 264 
10868 255 
10768 262 
10867 257 
10767 264 
10868 255 
10867 257 
10868 255 
10868 255 
10868 255 
10768 262 
10867 257 
10767 264 
10868 255 
10767 264 
10768 262 
10767 264 
10868 255 
10768 262 
10767 264 
10867 257 
10767 264 
10768 262 
10868 255 
10868 255 
10867 257 
10768 262 
10768 262 
10868 255 
10868 255 
10767 264 
10868 255 
10768 262 
10868 255 
10768 262 
11070 253 
10767 264 
10867 257 
10868 255 
10767 264 
10868 255 
10767 264 
10767 264 
10867 257 
10867 257 
10768 262 
10868 255 
10868 255 
10768 262 
10868 255 
10767 264 
10868 255 
10868 255 
10768 262 
10867 257 
10768 262 
10767 264 
10768 262 
10868 255 
10868 255 
10767 264 
10767 264 
10768 262 
10768 262 
10868 255 
10868 255 
10868 255 
10868 255 
11070 253 
10868 255 
10768 262 
10868 255 
10768 262 
10867 257 
10768 262 
10868 255 
10867 257 
10767 264 
10767 264 
10767 264 
10767 264 
10768 262 
10868 255 
10868 255 
10767 264 
10868 255 
10867 257 
10868 255 
11076 241 
11076 241 
11076 241 
11076 241 
11076 241 
11076 241 
11076 241 
11076 241 
11076 241 
11076 241 
11076 241 
11076 241 
11076 241 
11076 241 
11076 241 
11076 241 
11076 241 
11076 241 
11076 241 
11076 241 
11076 241 
11076 241 
11076 241 
11076 241 
11076 241 
11076 241 
11076 241 
11076 241 
11076 241 
11076 241 
11076 241 
11076 241 
11076 241 
11076 241 
11076 241 
11076 241 
11076 241 
11076 241 
11076 241 
11076 241 
11076 241 
11076 241 
11076 241 
11076 241 
11076 241 
11076 241 
11076 241 
11076 241 
11076 241 
11076 241 
11076 241 
11076 241 
11076 241 
11076 241 
11076 241 
11076 241 
11076 241 
11076 241 
11076 241 
11076 241 
11076 241 
11076 241 
11076 241 
11076 241 
11076 241 
11076 241 
11076 241 
11076 241 
11076 241 
11076 241 
11076 241 
11076 241 
11076 241 
11076 241 
11076 241 
11076 241 
11076 241 
11076 241 
11076 241 
11076 241 
11076 241 
11076 241 
11076 241 
11076 241 
11076 241 
11076 241 
11076 241 
11076 241 
11076 241 
11076 241 
11076 241 
11076 241 
11076 241 
11076 241 
11076 241 
11076 241 
11076 241 
11076 241 
11076 241 
11076 241 
