5835 96 
6543 82 
6442 83 
6139 85 
5937 93 
6037 88 
6139 85 
5835 96 
6037 88 
5937 93 
5835 96 
5937 93 
6139 85 
6037 88 
6139 85 
6442 83 
6442 83 
6543 82 
5937 93 
6037 88 
6442 83 
6543 82 
5937 93 
6139 85 
6543 82 
6139 85 
5937 93 
6037 88 
5937 93 
5937 93 
6139 85 
5937 93 
5835 96 
5937 93 
5937 93 
6139 85 
5835 96 
6139 85 
6139 85 
6037 88 
5835 96 
6139 85 
5937 93 
5835 96 
5835 96 
5937 93 
6139 85 
6139 85 
6442 83 
6139 85 
5937 93 
6037 88 
5835 96 
6442 83 
5937 93 
5937 93 
5937 93 
5937 93 
6037 88 
6442 83 
6139 85 
6442 83 
5937 93 
6442 83 
6139 85 
6139 85 
6139 85 
6139 85 
6139 85 
6139 85 
6543 82 
6139 85 
6139 85 
6543 82 
6139 85 
6442 83 
6543 82 
5937 93 
6139 85 
6139 85 
6037 88 
5937 93 
5937 93 
6139 85 
6139 85 
5937 93 
6139 85 
5937 93 
6543 82 
5937 93 
6139 85 
5937 93 
6139 85 
5937 93 
5937 93 
6442 83 
5937 93 
5835 96 
6139 85 
6442 83 
5428 105 
5022 119 
5427 106 
5226 109 
5327 108 
5124 113 
5327 108 
5125 112 
5225 110 
5024 115 
5022 119 
5023 116 
5125 112 
5427 106 
5124 113 
5327 108 
5225 110 
5024 115 
5024 115 
5124 113 
5327 108 
5226 109 
5125 112 
5226 109 
5428 105 
5225 110 
5023 116 
5428 105 
5125 112 
5124 113 
5226 109 
5427 106 
5023 116 
5225 110 
5023 116 
5427 106 
5327 108 
5125 112 
5327 108 
5225 110 
5225 110 
5428 105 
5427 106 
5327 108 
5124 113 
5327 108 
5226 109 
5427 106 
5125 112 
5124 113 
5225 110 
5428 105 
5225 110 
5428 105 
5124 113 
5427 106 
5226 109 
5225 110 
5124 113 
5427 106 
5225 110 
5125 112 
5124 113 
5427 106 
5024 115 
5023 116 
5125 112 
5125 112 
5125 112 
5024 115 
5327 108 
5327 108 
5225 110 
5023 116 
5428 105 
5125 112 
5427 106 
5427 106 
5225 110 
5225 110 
5125 112 
5022 119 
5428 105 
5125 112 
5023 116 
5327 108 
5427 106 
5428 105 
5226 109 
5023 116 
5226 109 
5226 109 
5125 112 
5124 113 
5427 106 
5225 110 
5327 108 
5125 112 
5226 109 
5125 112 
6233 117 
6536 111 
6233 117 
6233 117 
6536 111 
6536 111 
6536 111 
6536 111 
6536 111 
6536 111 
6536 111 
6536 111 
6536 111 
6536 111 
6536 111 
6536 111 
6536 111 
6536 111 
6536 111 
6536 111 
6536 111 
6233 117 
6536 111 
6233 117 
6536 111 
6536 111 
6233 117 
6536 111 
6233 117 
6536 111 
6536 111 
6536 111 
6536 111 
6536 111 
6536 111 
6233 117 
6536 111 
6536 111 
6536 111 
6233 117 
6233 117 
6536 111 
6536 111 
6536 111 
6536 111 
6536 111 
6536 111 
6233 117 
6536 111 
6233 117 
6536 111 
6233 117 
6536 111 
6536 111 
6233 117 
6536 111 
6536 111 
6233 117 
6536 111 
6536 111 
6233 117 
6536 111 
6536 111 
6536 111 
6536 111 
6536 111 
6536 111 
6536 111 
6536 111 
6233 117 
6536 111 
6536 111 
6536 111 
6536 111 
6536 111 
6536 111 
6233 117 
6536 111 
6536 111 
6536 111 
6536 111 
6233 117 
6536 111 
6536 111 
6536 111 
6536 111 
6536 111 
6536 111 
6233 117 
6536 111 
6536 111 
6536 111 
6536 111 
6233 117 
6233 117 
6233 117 
6536 111 
6536 111 
6233 117 
6233 117 
