3510 39 
3612 37 
3510 39 
3510 39 
3612 37 
3612 37 
3510 39 
3510 39 
3510 39 
3510 39 
3510 39 
3612 37 
3510 39 
3510 39 
3510 39 
3510 39 
3510 39 
3612 37 
3510 39 
3510 39 
3510 39 
3510 39 
3510 39 
3510 39 
3510 39 
3510 39 
3510 39 
3612 37 
3510 39 
3510 39 
3510 39 
3612 37 
3510 39 
3510 39 
3510 39 
3510 39 
3510 39 
3510 39 
3510 39 
3510 39 
3510 39 
3510 39 
3510 39 
3510 39 
3510 39 
3612 37 
3510 39 
3510 39 
3510 39 
3612 37 
3510 39 
3510 39 
3510 39 
3510 39 
3510 39 
3510 39 
3510 39 
3510 39 
3510 39 
3510 39 
3510 39 
3510 39 
3510 39 
3510 39 
3510 39 
3510 39 
3612 37 
3510 39 
3510 39 
3510 39 
3510 39 
3510 39 
3510 39 
3510 39 
3510 39 
3510 39 
3510 39 
3510 39 
3510 39 
3510 39 
3510 39 
3510 39 
3510 39 
3612 37 
3510 39 
3612 37 
3510 39 
3510 39 
3510 39 
3510 39 
3510 39 
3510 39 
3510 39 
3510 39 
3510 39 
3510 39 
3612 37 
3510 39 
3510 39 
3510 39 
4523 52 
4422 54 
4422 54 
4523 52 
4523 52 
4422 54 
4422 54 
4523 52 
4422 54 
4523 52 
4523 52 
4422 54 
4523 52 
4523 52 
4422 54 
4422 54 
4523 52 
4523 52 
4422 54 
4422 54 
4422 54 
4523 52 
4422 54 
4523 52 
4422 54 
4422 54 
4523 52 
4422 54 
4422 54 
4422 54 
4422 54 
4523 52 
4523 52 
4422 54 
4422 54 
4422 54 
4523 52 
4523 52 
4523 52 
4422 54 
4422 54 
4523 52 
4422 54 
4422 54 
4422 54 
4422 54 
4422 54 
4422 54 
4422 54 
4523 52 
4422 54 
4422 54 
4523 52 
4422 54 
4523 52 
4523 52 
4523 52 
4422 54 
4523 52 
4422 54 
4523 52 
4422 54 
4422 54 
4523 52 
4523 52 
4422 54 
4523 52 
4422 54 
4523 52 
4422 54 
4422 54 
4422 54 
4523 52 
4422 54 
4422 54 
4523 52 
4422 54 
4422 54 
4422 54 
4523 52 
4523 52 
4523 52 
4422 54 
4422 54 
4422 54 
4422 54 
4523 52 
4523 52 
4523 52 
4523 52 
4422 54 
4422 54 
4422 54 
4523 52 
4422 54 
4523 52 
4422 54 
4523 52 
4523 52 
4422 54 
3510 40 
3409 43 
3510 40 
3510 40 
3409 43 
3409 43 
3409 43 
3409 43 
3409 43 
3409 43 
3409 43 
3510 40 
3409 43 
3409 43 
3510 40 
3409 43 
3409 43 
3510 40 
3409 43 
3409 43 
3409 43 
3510 40 
3409 43 
3409 43 
3510 40 
3510 40 
3409 43 
3510 40 
3409 43 
3409 43 
3409 43 
3409 43 
3510 40 
3409 43 
3409 43 
3409 43 
3510 40 
3510 40 
3510 40 
3510 40 
3409 43 
3409 43 
3510 40 
3409 43 
3510 40 
3409 43 
3409 43 
3409 43 
3409 43 
3409 43 
3409 43 
3409 43 
3510 40 
3409 43 
3409 43 
3510 40 
3409 43 
3409 43 
3409 43 
3510 40 
3409 43 
3510 40 
3409 43 
3409 43 
3409 43 
3409 43 
3409 43 
3409 43 
3409 43 
3409 43 
3409 43 
3409 43 
3409 43 
3510 40 
3409 43 
3409 43 
3409 43 
3510 40 
3409 43 
3510 40 
3409 43 
3409 43 
3510 40 
3409 43 
3409 43 
3409 43 
3409 43 
3409 43 
3510 40 
3409 43 
3510 40 
3409 43 
3409 43 
3409 43 
3409 43 
3510 40 
3510 40 
3510 40 
3409 43 
3409 43 
4011 39 
4010 42 
4010 42 
4010 42 
4011 39 
4011 39 
4011 39 
4010 42 
4011 39 
4010 42 
4011 39 
4011 39 
4010 42 
4010 42 
4011 39 
4010 42 
4010 42 
4010 42 
4010 42 
4011 39 
4010 42 
4011 39 
4010 42 
4010 42 
4011 39 
4010 42 
4011 39 
4010 42 
4010 42 
4010 42 
4011 39 
4011 39 
4011 39 
4010 42 
4010 42 
4011 39 
4011 39 
4010 42 
4010 42 
4010 42 
4010 42 
4011 39 
4011 39 
4011 39 
4011 39 
4011 39 
4011 39 
4010 42 
4010 42 
4011 39 
4010 42 
4011 39 
4011 39 
4011 39 
4010 42 
4010 42 
4010 42 
4011 39 
4011 39 
4011 39 
4010 42 
4011 39 
4010 42 
4011 39 
4010 42 
4011 39 
4010 42 
4010 42 
4011 39 
4011 39 
4010 42 
4011 39 
4011 39 
4011 39 
4010 42 
4011 39 
4011 39 
4011 39 
4011 39 
4011 39 
4010 42 
4011 39 
4011 39 
4010 42 
4011 39 
4011 39 
4010 42 
4011 39 
4010 42 
4010 42 
4010 42 
4011 39 
4010 42 
4010 42 
4011 39 
4010 42 
4011 39 
4011 39 
4010 42 
4011 39 
4215 50 
4115 52 
4115 52 
4115 52 
4215 50 
4215 50 
4115 52 
4215 50 
4115 52 
4115 52 
4215 50 
4115 52 
4215 50 
4115 52 
4115 52 
4215 50 
4115 52 
4115 52 
4215 50 
4115 52 
4215 50 
4115 52 
4215 50 
4215 50 
4115 52 
4115 52 
4115 52 
4115 52 
4115 52 
4115 52 
4215 50 
4115 52 
4115 52 
4115 52 
4115 52 
4115 52 
4215 50 
4215 50 
4115 52 
4115 52 
4115 52 
4115 52 
4215 50 
4115 52 
4115 52 
4115 52 
4115 52 
4115 52 
4215 50 
4115 52 
4215 50 
4115 52 
4115 52 
4115 52 
4115 52 
4215 50 
4215 50 
4115 52 
4115 52 
4115 52 
4115 52 
4115 52 
4215 50 
4115 52 
4115 52 
4115 52 
4115 52 
4115 52 
4115 52 
4115 52 
4215 50 
4215 50 
4215 50 
4215 50 
4115 52 
4115 52 
4215 50 
4215 50 
4115 52 
4115 52 
4115 52 
4115 52 
4215 50 
4115 52 
4115 52 
4215 50 
4115 52 
4115 52 
4115 52 
4115 52 
4215 50 
4215 50 
4115 52 
4115 52 
4115 52 
4115 52 
4215 50 
4115 52 
4215 50 
4215 50 
4115 50 
4114 53 
4115 50 
4115 50 
4114 53 
4114 53 
4114 53 
4114 53 
4114 53 
4114 53 
4114 53 
4115 50 
4115 50 
4114 53 
4114 53 
4114 53 
4114 53 
4114 53 
4115 50 
4115 50 
4115 50 
4114 53 
4114 53 
4115 50 
4115 50 
4114 53 
4115 50 
4114 53 
4114 53 
4115 50 
4114 53 
4114 53 
4114 53 
4115 50 
4114 53 
4114 53 
4115 50 
4115 50 
4115 50 
4115 50 
4115 50 
4114 53 
4114 53 
4114 53 
4115 50 
4114 53 
4115 50 
4114 53 
4114 53 
4115 50 
4114 53 
4114 53 
4114 53 
4114 53 
4115 50 
4114 53 
4115 50 
4114 53 
4115 50 
4115 50 
4115 50 
4115 50 
4114 53 
4115 50 
4114 53 
4115 50 
4115 50 
4114 53 
4115 50 
4115 50 
4114 53 
4114 53 
4115 50 
4114 53 
4114 53 
4115 50 
4114 53 
4114 53 
4115 50 
4114 53 
4114 53 
4114 53 
4115 50 
4114 53 
4114 53 
4114 53 
4115 50 
4114 53 
4115 50 
4115 50 
4114 53 
4114 53 
4114 53 
4114 53 
4114 53 
4115 50 
4114 53 
4115 50 
4114 53 
4114 53 
3711 60 
3610 61 
3711 60 
3711 60 
3610 61 
3610 61 
3610 61 
3711 60 
3610 61 
3711 60 
3610 61 
3711 60 
3610 61 
3610 61 
3711 60 
3711 60 
3711 60 
3711 60 
3711 60 
3711 60 
3711 60 
3711 60 
3711 60 
3610 61 
3711 60 
3711 60 
3610 61 
3610 61 
3610 61 
3610 61 
3711 60 
3711 60 
3610 61 
3610 61 
3610 61 
3711 60 
3711 60 
3610 61 
3610 61 
3711 60 
3711 60 
3610 61 
3711 60 
3711 60 
3711 60 
3711 60 
3711 60 
3610 61 
3711 60 
3711 60 
3610 61 
3610 61 
3610 61 
3711 60 
3711 60 
3610 61 
3610 61 
3711 60 
3610 61 
3610 61 
3711 60 
3711 60 
3610 61 
3711 60 
3711 60 
3610 61 
3610 61 
3610 61 
3711 60 
3711 60 
3711 60 
3610 61 
3711 60 
3610 61 
3711 60 
3711 60 
3610 61 
3610 61 
3711 60 
3711 60 
3711 60 
3610 61 
3610 61 
3610 61 
3610 61 
3711 60 
3711 60 
3610 61 
3711 60 
3711 60 
3610 61 
3711 60 
3610 61 
3711 60 
3711 60 
3711 60 
3610 61 
3711 60 
3711 60 
3711 60 
4117 43 
3814 50 
3915 46 
4117 43 
3814 50 
3815 47 
3915 46 
4017 44 
4017 44 
3815 47 
4017 44 
3815 47 
3915 46 
4017 44 
3815 47 
3814 50 
4017 44 
3815 47 
3814 50 
3915 46 
3915 46 
4117 43 
3915 46 
3815 47 
3814 50 
3815 47 
3814 50 
3815 47 
3815 47 
3815 47 
4017 44 
4017 44 
4017 44 
3814 50 
3815 47 
3815 47 
3815 47 
3815 47 
3815 47 
3814 50 
3815 47 
4017 44 
3815 47 
4017 44 
3814 50 
3815 47 
3814 50 
4017 44 
3815 47 
3814 50 
4017 44 
4117 43 
4117 43 
4017 44 
3915 46 
3915 46 
3814 50 
3815 47 
3814 50 
3814 50 
3814 50 
3815 47 
3815 47 
4017 44 
3815 47 
3814 50 
3815 47 
3815 47 
4017 44 
3915 46 
3815 47 
3814 50 
3815 47 
3815 47 
3815 47 
3814 50 
4117 43 
4117 43 
3814 50 
4017 44 
4017 44 
3915 46 
4017 44 
3815 47 
3814 50 
4017 44 
4017 44 
4017 44 
3814 50 
4017 44 
4117 43 
3815 47 
3814 50 
3814 50 
3815 47 
3815 47 
4017 44 
4017 44 
3814 50 
3815 47 
4013 34 
3711 43 
4013 34 
3912 37 
3912 37 
3811 40 
3912 37 
3912 37 
3811 40 
4013 34 
3711 43 
3811 40 
3811 40 
3711 43 
3711 43 
3811 40 
3912 37 
3912 37 
4013 34 
3711 43 
3912 37 
3912 37 
3912 37 
3711 43 
4013 34 
4013 34 
3811 40 
3711 43 
3912 37 
3912 37 
3811 40 
3711 43 
3711 43 
3811 40 
4013 34 
3711 43 
3912 37 
4013 34 
3912 37 
3711 43 
3711 43 
3811 40 
4013 34 
3711 43 
4013 34 
3711 43 
3912 37 
3912 37 
4013 34 
3711 43 
3811 40 
4013 34 
3912 37 
3811 40 
3711 43 
3711 43 
3711 43 
3711 43 
3912 37 
3811 40 
4013 34 
4013 34 
3711 43 
3711 43 
3711 43 
3811 40 
3811 40 
3912 37 
3811 40 
3912 37 
3811 40 
3711 43 
3711 43 
3711 43 
3711 43 
3711 43 
4013 34 
3912 37 
3711 43 
3811 40 
4013 34 
3711 43 
3711 43 
3711 43 
3711 43 
3811 40 
4013 34 
3811 40 
3711 43 
3912 37 
4013 34 
3811 40 
3711 43 
3811 40 
3912 37 
3912 37 
3711 43 
3811 40 
3811 40 
4013 34 
3509 28 
3509 28 
3509 28 
3509 28 
3509 28 
3509 28 
3509 28 
3509 28 
3509 28 
3509 28 
3509 28 
3509 28 
3509 28 
3509 28 
3509 28 
3509 28 
3509 28 
3509 28 
3509 28 
3509 28 
3509 28 
3509 28 
3509 28 
3509 28 
3509 28 
3509 28 
3509 28 
3509 28 
3509 28 
3509 28 
3509 28 
3509 28 
3509 28 
3509 28 
3509 28 
3509 28 
3509 28 
3509 28 
3509 28 
3509 28 
3509 28 
3509 28 
3509 28 
3509 28 
3509 28 
3509 28 
3509 28 
3509 28 
3509 28 
3509 28 
3509 28 
3509 28 
3509 28 
3509 28 
3509 28 
3509 28 
3509 28 
3509 28 
3509 28 
3509 28 
3509 28 
3509 28 
3509 28 
3509 28 
3509 28 
3509 28 
3509 28 
3509 28 
3509 28 
3509 28 
3509 28 
3509 28 
3509 28 
3509 28 
3509 28 
3509 28 
3509 28 
3509 28 
3509 28 
3509 28 
3509 28 
3509 28 
3509 28 
3509 28 
3509 28 
3509 28 
3509 28 
3509 28 
3509 28 
3509 28 
3509 28 
3509 28 
3509 28 
3509 28 
3509 28 
3509 28 
3509 28 
3509 28 
3509 28 
3509 28 
5228 62 
5428 56 
5328 59 
5228 62 
5328 59 
5328 59 
5228 62 
5428 56 
5428 56 
5328 59 
5428 56 
5428 56 
5428 56 
5428 56 
5328 59 
5428 56 
5328 59 
5328 59 
5328 59 
5328 59 
5428 56 
5428 56 
5228 62 
5328 59 
5328 59 
5328 59 
5428 56 
5328 59 
5328 59 
5428 56 
5428 56 
5428 56 
5328 59 
5328 59 
5428 56 
5328 59 
5328 59 
5428 56 
5328 59 
5428 56 
5428 56 
5328 59 
5428 56 
5328 59 
5328 59 
5328 59 
5328 59 
5328 59 
5428 56 
5428 56 
5328 59 
5428 56 
5328 59 
5428 56 
5328 59 
5428 56 
5328 59 
5428 56 
5328 59 
5428 56 
5428 56 
5328 59 
5328 59 
5328 59 
5328 59 
5328 59 
5328 59 
5428 56 
5328 59 
5328 59 
5428 56 
5328 59 
5428 56 
5428 56 
5328 59 
5328 59 
5428 56 
5428 56 
5428 56 
5428 56 
5428 56 
5428 56 
5328 59 
5428 56 
5428 56 
5428 56 
5328 59 
5428 56 
5228 62 
5328 59 
5428 56 
5328 59 
5428 56 
5328 59 
5428 56 
5428 56 
5328 59 
5328 59 
5328 59 
5328 59 
4217 35 
4115 40 
4217 35 
4116 37 
4116 37 
4217 35 
4116 37 
4116 37 
4115 40 
4116 37 
4116 37 
4115 40 
4217 35 
4116 37 
4116 37 
4116 37 
4116 37 
4116 37 
4116 37 
4116 37 
4115 40 
4116 37 
4115 40 
4116 37 
4116 37 
4115 40 
4116 37 
4116 37 
4115 40 
4116 37 
4116 37 
4115 40 
4116 37 
4116 37 
4116 37 
4116 37 
4116 37 
4116 37 
4116 37 
4116 37 
4217 35 
4116 37 
4115 40 
4116 37 
4116 37 
4116 37 
4116 37 
4116 37 
4116 37 
4116 37 
4116 37 
4217 35 
4116 37 
4116 37 
4116 37 
4115 40 
4116 37 
4116 37 
4115 40 
4115 40 
4115 40 
4115 40 
4115 40 
4116 37 
4116 37 
4116 37 
4116 37 
4115 40 
4116 37 
4116 37 
4115 40 
4116 37 
4115 40 
4116 37 
4116 37 
4116 37 
4116 37 
4116 37 
4217 35 
4116 37 
4116 37 
4116 37 
4116 37 
4116 37 
4115 40 
4115 40 
4116 37 
4116 37 
4115 40 
4116 37 
4116 37 
4217 35 
4116 37 
4116 37 
4115 40 
4116 37 
4116 37 
4116 37 
4115 40 
4116 37 
3713 39 
3712 40 
3713 39 
3712 40 
3713 39 
3712 40 
3713 39 
3713 39 
3712 40 
3713 39 
3713 39 
3713 39 
3713 39 
3712 40 
3712 40 
3713 39 
3712 40 
3712 40 
3713 39 
3712 40 
3713 39 
3713 39 
3712 40 
3713 39 
3712 40 
3712 40 
3713 39 
3713 39 
3713 39 
3712 40 
3713 39 
3712 40 
3713 39 
3713 39 
3713 39 
3712 40 
3713 39 
3713 39 
3713 39 
3713 39 
3713 39 
3713 39 
3713 39 
3713 39 
3713 39 
3713 39 
3713 39 
3712 40 
3712 40 
3712 40 
3712 40 
3713 39 
3713 39 
3712 40 
3713 39 
3713 39 
3713 39 
3713 39 
3712 40 
3713 39 
3713 39 
3713 39 
3713 39 
3713 39 
3712 40 
3713 39 
3713 39 
3713 39 
3713 39 
3713 39 
3713 39 
3713 39 
3713 39 
3713 39 
3713 39 
3713 39 
3713 39 
3713 39 
3712 40 
3712 40 
3713 39 
3713 39 
3713 39 
3713 39 
3713 39 
3713 39 
3712 40 
3712 40 
3713 39 
3712 40 
3713 39 
3713 39 
3712 40 
3713 39 
3713 39 
3713 39 
3713 39 
3712 40 
3713 39 
3712 40 
3611 48 
3914 44 
3913 45 
3712 47 
3913 45 
3712 47 
3611 48 
3712 47 
3914 44 
3611 48 
3712 47 
3913 45 
3914 44 
3913 45 
3611 48 
3712 47 
3913 45 
3611 48 
3611 48 
3913 45 
3913 45 
3611 48 
3712 47 
3913 45 
3712 47 
3913 45 
3913 45 
3611 48 
3913 45 
3712 47 
3913 45 
3913 45 
3712 47 
3712 47 
3712 47 
3611 48 
3712 47 
3914 44 
3611 48 
3712 47 
3712 47 
3914 44 
3913 45 
3913 45 
3712 47 
3712 47 
3611 48 
3611 48 
3914 44 
3913 45 
3611 48 
3712 47 
3611 48 
3913 45 
3611 48 
3712 47 
3914 44 
3913 45 
3712 47 
3913 45 
3712 47 
3913 45 
3913 45 
3712 47 
3712 47 
3913 45 
3611 48 
3913 45 
3712 47 
3611 48 
3712 47 
3712 47 
3611 48 
3611 48 
3913 45 
3712 47 
3611 48 
3913 45 
3611 48 
3611 48 
3712 47 
3611 48 
3913 45 
3913 45 
3712 47 
3913 45 
3913 45 
3913 45 
3611 48 
3712 47 
3611 48 
3913 45 
3712 47 
3913 45 
3611 48 
3913 45 
3913 45 
3611 48 
3611 48 
3913 45 
4014 46 
4115 43 
4014 46 
4115 43 
4014 46 
4115 43 
4014 46 
4014 46 
4115 43 
4115 43 
4115 43 
4014 46 
4115 43 
4014 46 
4014 46 
4115 43 
4014 46 
4115 43 
4115 43 
4014 46 
4115 43 
4014 46 
4014 46 
4115 43 
4115 43 
4115 43 
4115 43 
4115 43 
4115 43 
4115 43 
4115 43 
4115 43 
4014 46 
4014 46 
4115 43 
4014 46 
4014 46 
4115 43 
4014 46 
4014 46 
4115 43 
4115 43 
4115 43 
4014 46 
4014 46 
4014 46 
4115 43 
4115 43 
4115 43 
4014 46 
4014 46 
4115 43 
4115 43 
4115 43 
4014 46 
4014 46 
4014 46 
4115 43 
4115 43 
4115 43 
4115 43 
4115 43 
4115 43 
4014 46 
4014 46 
4115 43 
4115 43 
4014 46 
4115 43 
4115 43 
4115 43 
4014 46 
4014 46 
4115 43 
4014 46 
4014 46 
4115 43 
4115 43 
4115 43 
4115 43 
4115 43 
4014 46 
4115 43 
4115 43 
4014 46 
4115 43 
4014 46 
4115 43 
4014 46 
4115 43 
4014 46 
4115 43 
4115 43 
4115 43 
4115 43 
4115 43 
4115 43 
4115 43 
4014 46 
4014 46 
4317 49 
4215 54 
4216 51 
4317 49 
4216 51 
4215 54 
4216 51 
4317 49 
4215 54 
4216 51 
4216 51 
4215 54 
4317 49 
4216 51 
4317 49 
4216 51 
4216 51 
4216 51 
4216 51 
4216 51 
4317 49 
4317 49 
4216 51 
4216 51 
4216 51 
4317 49 
4216 51 
4317 49 
4216 51 
4317 49 
4216 51 
4216 51 
4216 51 
4216 51 
4216 51 
4216 51 
4317 49 
4216 51 
4216 51 
4216 51 
4317 49 
4216 51 
4216 51 
4216 51 
4216 51 
4216 51 
4216 51 
4215 54 
4216 51 
4216 51 
4216 51 
4216 51 
4317 49 
4216 51 
4216 51 
4317 49 
4216 51 
4216 51 
4216 51 
4216 51 
4216 51 
4216 51 
4216 51 
4216 51 
4216 51 
4317 49 
4216 51 
4216 51 
4216 51 
4216 51 
4216 51 
4216 51 
4216 51 
4216 51 
4216 51 
4216 51 
4216 51 
4216 51 
4216 51 
4216 51 
4216 51 
4215 54 
4216 51 
4317 49 
4215 54 
4216 51 
4216 51 
4216 51 
4215 54 
4317 49 
4216 51 
4216 51 
4216 51 
4317 49 
4216 51 
4216 51 
4216 51 
4216 51 
4216 51 
4215 54 
4421 61 
4626 56 
4626 56 
4422 59 
4524 57 
4524 57 
4422 59 
4524 57 
4422 59 
4421 61 
4524 57 
4626 56 
4422 59 
4421 61 
4524 57 
4524 57 
4524 57 
4524 57 
4626 56 
4626 56 
4524 57 
4524 57 
4524 57 
4524 57 
4524 57 
4421 61 
4626 56 
4524 57 
4422 59 
4524 57 
4524 57 
4524 57 
4626 56 
4524 57 
4421 61 
4524 57 
4524 57 
4524 57 
4524 57 
4626 56 
4524 57 
4524 57 
4626 56 
4524 57 
4626 56 
4524 57 
4422 59 
4524 57 
4524 57 
4524 57 
4422 59 
4524 57 
4524 57 
4524 57 
4524 57 
4524 57 
4421 61 
4524 57 
4421 61 
4524 57 
4524 57 
4626 56 
4422 59 
4524 57 
4524 57 
4524 57 
4524 57 
4524 57 
4524 57 
4524 57 
4524 57 
4422 59 
4524 57 
4422 59 
4524 57 
4422 59 
4524 57 
4524 57 
4626 56 
4524 57 
4626 56 
4524 57 
4422 59 
4524 57 
4524 57 
4524 57 
4524 57 
4524 57 
4524 57 
4422 59 
4422 59 
4524 57 
4524 57 
4626 56 
4626 56 
4421 61 
4626 56 
4422 59 
4421 61 
4524 57 
3511 44 
3814 41 
3813 42 
3512 43 
3512 43 
3511 44 
3813 42 
3512 43 
3813 42 
3814 41 
3813 42 
3512 43 
3511 44 
3814 41 
3814 41 
3814 41 
3813 42 
3814 41 
3814 41 
3813 42 
3813 42 
3813 42 
3813 42 
3814 41 
3814 41 
3813 42 
3813 42 
3511 44 
3814 41 
3512 43 
3813 42 
3814 41 
3814 41 
3813 42 
3814 41 
3814 41 
3813 42 
3813 42 
3814 41 
3813 42 
3813 42 
3512 43 
3814 41 
3813 42 
3813 42 
3813 42 
3813 42 
3813 42 
3813 42 
3813 42 
3813 42 
3813 42 
3814 41 
3813 42 
3512 43 
3813 42 
3813 42 
3814 41 
3813 42 
3511 44 
3814 41 
3814 41 
3813 42 
3813 42 
3813 42 
3813 42 
3813 42 
3813 42 
3813 42 
3814 41 
3813 42 
3813 42 
3813 42 
3813 42 
3813 42 
3814 41 
3512 43 
3813 42 
3814 41 
3813 42 
3511 44 
3814 41 
3813 42 
3814 41 
3813 42 
3511 44 
3813 42 
3511 44 
3814 41 
3813 42 
3511 44 
3813 42 
3814 41 
3814 41 
3511 44 
3813 42 
3813 42 
3813 42 
3814 41 
3813 42 
