4922 18 
4015 32 
4116 29 
4015 32 
4316 26 
4417 24 
4518 22 
4116 29 
4217 27 
4821 19 
4619 21 
4720 20 
4821 19 
4720 20 
4619 21 
4217 27 
4417 24 
4318 25 
4518 22 
4318 25 
9666 118 
9970 111 
9768 115 
9869 113 
9667 117 
9868 114 
9969 112 
9767 116 
9768 115 
9667 117 
9970 111 
9666 118 
9868 114 
9869 113 
9969 112 
9767 116 
9969 112 
9767 116 
9869 113 
9868 114 
9667 117 
9767 116 
9869 113 
9970 111 
9768 115 
9666 118 
9868 114 
9667 117 
9969 112 
9869 113 
9869 113 
9767 116 
9869 113 
9869 113 
9666 118 
9767 116 
9970 111 
9970 111 
9667 117 
9969 112 
9970 111 
9667 117 
9667 117 
9667 117 
9667 117 
9868 114 
9869 113 
9667 117 
9969 112 
9666 118 
9768 115 
9869 113 
9970 111 
9970 111 
9969 112 
9768 115 
9667 117 
9767 116 
9970 111 
9667 117 
9667 117 
9667 117 
9969 112 
9869 113 
9666 118 
9666 118 
9869 113 
9768 115 
9666 118 
9767 116 
9667 117 
9666 118 
9969 112 
9869 113 
9868 114 
9767 116 
9667 117 
9868 114 
9969 112 
9666 118 
9970 111 
9869 113 
9768 115 
9970 111 
9970 111 
9868 114 
9666 118 
9868 114 
9969 112 
9869 113 
9970 111 
9969 112 
9970 111 
9970 111 
9768 115 
9868 114 
9970 111 
9868 114 
9868 114 
9666 118 
