6437 112 
4821 153 
5023 147 
5325 142 
6032 118 
5829 126 
5427 137 
6234 116 
5526 136 
5628 129 
5930 123 
5527 131 
5730 128 
6439 103 
6235 109 
5732 125 
6237 106 
5934 114 
5831 119 
6438 105 
5833 116 
6235 109 
5934 114 
5934 114 
5826 140 
7441 107 
5827 136 
6129 128 
6936 109 
6130 125 
6231 118 
6633 113 
6633 113 
6432 115 
6936 109 
6432 115 
8054 142 
8054 142 
8054 142 
8054 142 
8054 142 
8054 142 
8054 142 
8054 142 
8054 142 
8054 142 
8054 142 
8054 142 
8054 142 
8054 142 
8054 142 
8054 142 
8054 142 
8054 142 
8054 142 
8054 142 
8054 142 
8054 142 
8054 142 
8054 142 
8054 142 
8054 142 
8054 142 
8054 142 
8054 142 
8054 142 
8054 142 
8054 142 
8054 142 
8054 142 
8054 142 
8054 142 
8054 142 
8054 142 
8054 142 
8054 142 
8054 142 
8054 142 
8054 142 
8054 142 
8054 142 
8054 142 
8054 142 
8054 142 
8054 142 
8054 142 
8054 142 
8054 142 
8054 142 
8054 142 
8054 142 
8054 142 
8054 142 
8054 142 
8054 142 
8054 142 
8054 142 
8054 142 
8054 142 
8054 142 
8054 142 
8054 142 
8054 142 
8054 142 
8054 142 
8054 142 
8054 142 
8054 142 
8054 142 
8054 142 
8054 142 
8054 142 
8054 142 
8054 142 
8054 142 
8054 142 
8054 142 
8054 142 
8054 142 
8054 142 
8054 142 
8054 142 
8054 142 
8054 142 
8054 142 
8054 142 
8054 142 
8054 142 
8054 142 
8054 142 
8054 142 
8054 142 
8054 142 
8054 142 
8054 142 
8054 142 
5427 157 
7241 111 
5527 140 
6839 114 
5830 133 
6133 127 
5728 135 
6435 120 
7241 111 
6132 128 
6435 120 
5527 140 
5326 166 
6537 112 
6032 123 
5731 128 
6233 120 
6436 114 
5630 134 
5529 146 
5428 155 
5529 146 
5630 134 
5326 166 
6839 118 
5732 131 
6033 128 
6135 124 
5934 130 
6436 121 
6135 124 
5732 131 
6637 119 
6436 121 
6637 119 
6637 119 
7645 111 
5832 139 
7243 115 
6537 120 
7545 112 
6536 124 
6033 132 
6942 118 
6033 132 
6134 128 
7040 116 
6335 126 
5829 130 
7242 106 
5832 119 
6738 109 
5831 126 
6234 114 
6437 111 
7040 107 
6235 112 
6033 117 
6035 116 
6941 108 
5631 129 
6940 99 
5831 123 
6737 101 
6635 105 
6434 106 
5931 118 
5931 118 
6131 112 
6334 110 
6334 110 
6131 112 
7644 113 
5725 160 
6331 143 
6027 147 
6430 130 
5927 153 
7038 121 
7340 118 
7442 116 
5826 158 
6633 126 
6937 124 
